1
         0         0       512         1
       300       300
  2
  3  219.1821808  228.0919477   32.6534785
  3  219.6834604  228.6969548   32.1283330
  3  220.1521822  229.3772181   31.6430320
  3  220.6039775  230.1378734   31.2214853
  3  221.1034882  230.8450692   30.8906008
  3  221.5865679  231.6143642   30.5017569
  3  222.0169953  232.4211592   30.1264751
  3  222.4652352  233.2415286   29.7507414
  3  222.8563887  234.0673440   29.4606304
  3  223.2100411  234.9383375   29.2064225
  3  223.5163493  235.8132673   28.8735725
  3  223.7613991  236.6859503   28.5464886
  3  223.9894399  237.6138597   28.2187558
  3  224.1969113  238.5079049   27.8711332
  3  224.2630809  239.4396752   27.4672226
  3  224.2673314  240.3471140   27.0750499
  3  224.2675777  241.2186357   26.7432254
  3  224.1341859  242.1132359   26.3696035
  3  223.9701275  242.9743648   26.0230359
  3  223.8415375  243.8587425   25.6937216
  3  223.7250349  244.7491952   25.3818127
  3  223.6612101  245.6439185   25.1202511
  3  223.6190749  246.5088403   24.7986597
  3  223.4940707  247.4134122   24.4686612
  3  223.3796461  248.3049837   24.1596346
  3  223.3123375  249.1695042   23.8441384
  3  223.2435616  250.0204549   23.5421525
  3  223.1513562  250.9010774   23.2346357
  3  223.0725584  251.7791134   22.9579296
  3  223.0588769  252.6333913   22.5663726
  3  223.1315042  253.5507076   22.1881361
  3  223.2917221  254.4391361   21.7432905
  3  223.4168344  255.3289354   21.3281751
  3  223.5440706  256.2562556   20.9256560
  3  223.6778425  257.1438222   20.4599627
  3  223.9090510  258.0390978   20.0273960
  3  224.2121039  258.9005428   19.7440152
  3  224.5111407  259.7919029   19.5383524
  3  224.7622272  260.6895589   19.2460653
  3  224.9221880  261.6153245   18.9434187
  3  225.0309142  262.5341733   18.6002787
  3  225.0877034  263.4351808   18.2884645
  3  225.1021574  264.3820884   18.0117320
  3  225.1160861  265.2959098   17.7706318
  3  225.0289545  266.1853825   17.4913265
  3  224.9201728  267.0749503   17.1629725
  3  224.7377200  267.9796598   16.8045345
  3  224.5426802  268.8538064   16.4596149
  3  224.3200594  269.6760285   16.1142042
  3  224.0629052  270.5028555   15.7933481
  3  223.8187589  271.3973082   15.4382359
  3  223.6273657  272.2700106   15.0429839
  3  223.3741939  273.1551692   14.7290227
  3  223.1742090  273.9876828   14.4494379
  3  222.9935271  274.8807058   14.1074766
  3  222.8249319  275.7942962   13.7285876
  3  222.6806047  276.6632489   13.3300288
  3  222.4327203  277.5819732   13.0453726
  3  222.1706555  278.5179307   12.7254191
  3  221.8327055  279.3715945   12.4309569
  3  221.5664898  280.2715335   12.1871347
  3  221.2857009  281.1412458   11.9476752
  3  221.0755278  282.0408653   11.7174070
  3  220.8397519  282.9237986   11.4981997
  3  220.5639557  283.8498133   11.2788318
  3  220.2669162  284.7356782   11.1320782
  3  219.9061259  285.6005533   10.9249491
  3  219.5425482  286.4540939   10.6811774
  3  219.2884779  287.3787555   10.4700533
  3  219.0932424  288.3290725   10.2641802
  3  218.8052916  289.2391200   10.0768187
  3  218.5357137  290.1709279    9.9435409
  3  218.3093946  291.0895853    9.7340808
  3  218.0431458  292.0260399    9.5758983
  3  217.7247486  292.9179732    9.4404601
  3  217.4190202  293.7814848    9.3242028
  3  217.0679881  294.6761046    9.1993440
  3  216.7025749  295.5483134    9.0511136
  3  216.2489640  296.3821443    8.9470575
  3  215.8664794  297.2426918    8.8035069
  3  215.3827247  298.1028255    8.6741757
  3  214.9820866  298.9758754    8.5883661
  3  214.6567695  299.8715086    8.4645331
  3  214.3188121    0.7523968    8.3738097
  3  213.9493297    1.6106151    8.3415529
  3  213.6176452    2.5191273    8.2893392
  3  213.3184467    3.4341024    8.1692149
  3  213.0153339    4.3782401    8.0661195
  3  212.7259551    5.3111009    7.9907379
  3  212.4304606    6.2028916    7.8881376
  3  212.0934459    7.0804598    7.7984798
  3  211.7078658    7.9508283    7.7368850
  3  211.3484519    8.7840398    7.7572889
  3  211.0277224    9.6629178    7.8007381
  3  210.6770545   10.5925581    7.8223538
  3  210.3237068   11.4663953    7.8873083
  3  210.0026127   12.3614034    7.8972961
  3  209.6041854   13.2838565    7.8786073
  3  209.2404253   14.1821875    7.7655510
  3  208.8816885   15.0789877    7.6955636
  3  208.5025044   15.9800163    7.5719684
  3  208.1723605   16.8473963    7.4566605
  3  207.8212830   17.7790039    7.4482099
  3  207.4378357   18.6358537    7.4351962
  3  207.0008008   19.4630962    7.4281306
  3  206.5179227   20.3121358    7.5434747
  3  206.1397615   21.1927812    7.6432250
  3  205.7666722   22.0685445    7.6604405
  3  205.5082221   22.9512936    7.6718618
  3  205.1879023   23.8919332    7.6674999
  3  204.8922321   24.8682576    7.5772270
  3  204.7390975   25.7991150    7.5684388
  3  204.5072890   26.6738789    7.5264022
  3  204.2985370   27.6135304    7.4431294
  3  204.0931792   28.5950658    7.3407882
  3  203.8027577   29.5318807    7.2099596
  3  203.5014936   30.4557524    7.0078440
  3  203.1295771   31.3830398    6.7565589
  3  202.7309485   32.1997892    6.4877418
  3  202.3515010   33.0085629    6.2131332
  3  201.9810601   33.8770116    5.9007343
  3  201.6393437   34.7488807    5.6051965
  3  201.3394911   35.6092366    5.2026924
  3  201.0067030   36.4135112    4.8344951
  3  200.6532973   37.2700028    4.5085330
  3  200.3699795   38.1181385    4.1448355
  3  200.1279845   38.9715430    3.8177768
  3  199.8321366   39.9082856    3.5022165
  3  199.5247363   40.7679920    3.2586912
  3  199.2388973   41.6806494    2.9679052
  3  199.0237991   42.5839530    2.6503410
  3  198.7876550   43.4393004    2.3016016
  3  198.5208916   44.3379526    1.9216960
  3  198.1981847   45.1431840    1.5766868
  3  197.8841867   45.9799233    1.2015559
  3  197.6292569   46.7949182    0.8003996
  3  197.3675162   47.6103629    0.3926297
  3  197.1190905   48.4071619  299.9382994
  3  196.9143333   49.2226050  299.4586617
  3  196.7586721   49.9981806  298.9800808
  3  196.6240440   50.8063384  298.4574385
  3  196.4489776   51.5796698  297.9874197
  3  196.3133454   52.4055307  297.4618169
  3  196.1857584   53.1644016  296.9539679
  3  196.0904027   53.9983832  296.5030474
  3  196.0000239   54.8416307  296.0522335
  3  195.9352172   55.7237401  295.5780993
  3  195.8705283   56.5918652  295.0446461
  3  195.7964784   57.4071476  294.5231982
  3  195.6817052   58.2115694  294.0297675
  3  195.5516745   58.9424581  293.4591730
  3  195.4889009   59.6588844  292.8149639
  3  195.4291653   60.4065838  292.1913275
  3  195.3199085   61.1422679  291.5500190
  3  195.2977534   61.8656654  290.9007262
  3  195.2898779   62.5769323  290.2591738
  3  195.2796253   63.2992182  289.6436625
  3  195.2293024   64.0452870  289.0351691
  3  195.0972247   64.7804238  288.4208128
  3  194.9740052   65.4515583  287.7414597
  3  194.8246719   66.1380524  287.1003991
  3  194.7115568   66.8417593  286.4633959
  3  194.6302574   67.5424865  285.8462194
  3  194.6623095   68.2534419  285.1647792
  3  194.6377882   68.9056310  284.4932921
  3  194.6842178   69.5630505  283.7920077
  3  194.7206537   70.2471324  283.0140622
  3  194.7370667   70.9047946  282.2916945
  3  194.7736494   71.5160357  281.5874188
  3  194.8067540   72.1230180  280.8707075
  3  194.8330083   72.6978504  280.1031254
  3  194.8654185   73.2200936  279.3378860
  3  194.9206608   73.7953472  278.5657146
  3  194.8731781   74.4429737  277.9059862
  3  194.8278086   75.1493027  277.2363266
  3  194.7177882   75.9145323  276.6024739
  3  194.6347884   76.5699493  275.9569905
  3  194.5504001   77.1903873  275.2665215
  3  194.3421604   77.8091542  274.5302575
  3  194.1373293   78.3574378  273.7685873
  3  193.8929870   78.9129730  272.9465109
  3  193.7770895   79.4110107  272.1007230
  3  193.5971120   79.8242080  271.2833136
  3  193.3532453   80.2120728  270.4466080
  3  193.1258960   80.5908394  269.6121152
  3  192.9163371   80.9965869  268.7758759
  3  192.6923959   81.3432782  267.9155457
  3  192.4739208   81.6457884  267.0022723
  3  192.2603172   81.9413216  266.0888769
  3  192.0339485   82.2996491  265.2445308
  3  191.7735320   82.5963595  264.3551306
  3  191.5632707   82.8791636  263.4325741
  3  191.3529374   83.0410901  262.4838966
  3  191.1778115   83.2599960  261.5315765
  3  190.9804332   83.4660103  260.5950735
  3  190.7737438   83.7402373  259.6635638
  3  190.5837537   83.9645498  258.7462023
  3  190.4354319   84.1976776  257.8127373
  3  190.3335473   84.3500463  256.8564930
  3  190.2507997   84.4529132  255.8617249
  3  190.2133844   84.5102015  254.9365549
  3  190.0926346   84.5488076  254.0142191
  3  190.0201923   84.5648007  253.0867145
  3  189.9100273   84.5749210  252.0822153
  3  189.7603257   84.6566316  251.0353357
  3  189.6271691   84.7256342  250.0480808
  3  189.4396811   84.9103101  249.1058545
  3  189.2514343   85.1604479  248.1893129
  3  188.9759957   85.3797802  247.2781628
  3  188.6949395   85.5816632  246.3231188
  3  188.3770855   85.8093748  245.4455942
  3  188.0352659   85.9999272  244.5378250
  3  187.7557272   86.1588306  243.6142986
  3  187.5209430   86.2665991  242.6862221
  3  187.3420518   86.2979705  241.7125486
  3  187.1407376   86.2711705  240.7313646
  3  186.9782395   86.2197828  239.8192940
  3  186.8657428   86.1470349  238.8409533
  3  186.7714334   86.1056564  237.8784698
  3  186.6124901   86.0978588  236.9092242
  3  186.4366429   86.0170229  235.9974802
  3  186.2106081   85.9082030  235.0840054
  3  186.0680251   85.8529736  234.1818771
  3  185.8572468   85.8226098  233.2462791
  3  185.5665046   85.7236173  232.3636602
  3  185.2331149   85.5511665  231.4913728
  3  184.8644043   85.3076470  230.6962940
  3  184.3991203   85.1079003  229.9235218
  3  183.8816727   84.8891170  229.1016358
  3  183.3696462   84.5900300  228.3470530
  3  182.7300350   84.3936315  227.6291185
  3  182.0814155   84.2282144  226.9288322
  3  181.4879554   84.0261464  226.1947267
  3  180.9155380   83.6960726  225.4916166
  3  180.3277102   83.3745457  224.8601256
  3  179.6607655   82.9750497  224.2427392
  3  179.0327645   82.5544531  223.6552495
  3  178.3155805   82.1629071  223.1255174
  3  177.6731835   81.8230222  222.5929252
  3  176.9886635   81.4597875  222.0708675
  3  176.3041871   81.1224876  221.5598551
  3  175.5332635   80.7619621  221.0761997
  3  174.7700034   80.3846640  220.6411631
  3  173.9186476   79.9886196  220.2298969
  3  173.1107816   79.5546674  219.8244004
  3  172.4132612   79.1587384  219.3897027
  3  171.7534611   78.7632018  218.8766433
  3  171.1182973   78.3329016  218.2766781
  3  170.4913270   77.9121489  217.6271699
  3  169.8382657   77.5388198  217.0334773
  3  169.2120395   77.1731639  216.4255122
  3  168.5406099   76.8501028  215.7103922
  3  167.8930810   76.5221371  215.0997571
  3  167.2704794   76.2344991  214.4860980
  3  166.6148993   75.9275562  213.8304137
  3  165.9341120   75.5637325  213.1723517
  3  165.2871284   75.2164715  212.5065017
  3  164.6571766   74.9355556  211.8585677
  3  164.0615563   74.6557931  211.1749645
  3  163.4120861   74.3796456  210.5497825
  3  162.7794066   74.1577100  209.9107033
  3  162.1040344   74.0222565  209.2508202
  3  161.3545767   73.8972709  208.6792885
  3  160.5884540   73.6992522  208.1096710
  3  159.7964771   73.5834499  207.5146612
  3  159.0352383   73.4420419  206.9355700
  3  158.3013566   73.3045478  206.3135273
  3  157.5471590   73.2470135  205.7454555
  3  156.7813414   73.1223290  205.1242112
  3  156.0337857   72.9225617  204.5735276
  3  155.2594784   72.6976449  204.0697539
  3  154.4854932   72.4721067  203.6017518
  3  153.7113607   72.3047481  203.1207129
  3  152.9684316   72.0929835  202.5339609
  3  152.3114278   71.7758456  201.9433290
  3  151.6373164   71.4878405  201.3560273
  3  151.0174720   71.2350842  200.7482458
  3  150.2742372   70.9140582  200.0993597
  3  149.5717481   70.6134956  199.4609785
  3  148.8843118   70.2547309  198.8450872
  3  148.1469513   69.8550038  198.2516464
  3  147.4364154   69.5028871  197.6965059
  3  146.7066911   69.1548143  197.1467489
  3  146.0587268   68.7009376  196.5529232
  3  145.3961689   68.2315018  195.9768699
  3  144.7030246   67.8189518  195.3875223
  3  143.9684156   67.4942149  194.7892333
  3  143.2002840   67.1132120  194.2129736
  3  142.4757231   66.7332086  193.7222581
  3  141.7713378   66.3960022  193.2305787
  3  141.0013475   66.0674599  192.7966824
  3  140.2764177   65.6269694  192.4134724
  3  139.5402052   65.1211471  192.0686797
  3  138.8514876   64.5877121  191.8041058
  3  138.1087994   64.1178980  191.4821051
  3  137.3313212   63.5160106  191.2139046
  3  136.5645761   62.9685096  191.0032849
  3  135.8208178   62.3856537  190.8171252
  3  135.0821213   61.7370446  190.6132372
  3  134.4067474   61.0836124  190.3705012
  3  133.7600288   60.4215334  190.1652727
  3  133.1080614   59.7829908  189.9639045
  3  132.4911364   59.0679226  189.8508899
  3  131.9369843   58.2604209  189.6664236
  3  131.4220216   57.4264538  189.5161675
  3  130.9371943   56.6393666  189.3453935
  3  130.3441032   55.8404863  189.2150925
  3  129.8077562   55.0909556  189.0754341
  3  129.3294606   54.2953261  189.1104140
  3  128.9082858   53.4632963  189.1520078
  3  128.5233448   52.5099297  189.1670743
  3  128.2563088   51.5745222  189.1902042
  3  127.9530177   50.6259567  189.2339250
  3  127.6670333   49.6409607  189.3534335
  3  127.4398855   48.7299714  189.5049405
  3  127.2700202   47.8611270  189.7408427
  3  127.1400709   46.9533359  189.9672495
  3  126.9804744   46.0752531  190.1988199
  3  126.7404378   45.2106987  190.4505010
  3  126.5750607   44.3208490  190.7314357
  3  126.4763563   43.4460934  191.0136034
  3  126.3863725   42.5240902  191.3522618
  3  126.3336518   41.5964202  191.6435017
  3  126.2109676   40.6345158  191.9906395
  3  126.1247642   39.7204347  192.4093078
  3  126.0408757   38.8591736  192.7765601
  3  125.9751321   37.9783473  193.1439108
  3  125.9253363   37.1161608  193.5000008
  3  125.9217610   36.2188351  193.8780060
  3  125.8586598   35.3074690  194.2324147
  3  125.8380265   34.4280969  194.5885440
  3  125.7845801   33.4582413  194.9652252
  3  125.7212565   32.5639166  195.2597724
  3  125.5825650   31.6300036  195.6198962
  3  125.4528514   30.7252217  195.9457254
  3  125.4205904   29.8337758  196.3126878
  3  125.4508892   28.9323067  196.6712935
  3  125.4426282   28.0388856  197.0477264
  3  125.5291491   27.1799431  197.4518731
  3  125.5841738   26.3103551  197.9503967
  3  125.6320368   25.4254449  198.3679094
  3  125.6600042   24.4991022  198.7856012
  3  125.7044568   23.5416278  199.2271132
  3  125.7146268   22.5781698  199.6473916
  3  125.8276783   21.6619792  200.0590430
  3  126.0183052   20.7644762  200.4262277
  3  126.1789607   19.9014425  200.7844286
  3  126.3323441   19.0501523  201.2025426
  3  126.5365253   18.2369061  201.6355358
  3  126.7744434   17.3967054  201.9527337
  3  127.1262899   16.5409857  202.2621066
  3  127.4419834   15.7346083  202.6302776
  3  127.7421334   14.8977185  203.0274126
  3  128.0457841   14.0788981  203.4019523
  3  128.4092729   13.2139551  203.6911667
  3  128.8963434   12.3651199  203.9983276
  3  129.3042410   11.5127187  204.2177201
  3  129.6863422   10.6603955  204.4683282
  3  130.0972780    9.8499324  204.7358877
  3  130.5483816    9.0332770  205.0057003
  3  130.9643432    8.1623481  205.2214900
  3  131.3849722    7.2847585  205.3654888
  3  131.7422407    6.4074726  205.4927746
  3  132.1225728    5.5393040  205.6595338
  3  132.3535680    4.6008050  205.7729746
  3  132.6433361    3.6746331  205.9199581
  3  132.9255976    2.8002015  206.0635426
  3  133.2751580    1.9250443  206.1915250
  3  133.6160500    0.9832180  206.2935327
  3  133.8079543    0.0532751  206.3078069
  3  134.0269905  299.0895807  206.4208160
  3  134.1741000  298.1504201  206.5162268
  3  134.2948597  297.2063083  206.5254660
  3  134.4873674  296.2311657  206.6322820
  3  134.7133026  295.2939770  206.7109197
  3  134.8467585  294.3024622  206.8476410
  3  135.0001796  293.4005801  207.0346243
  3  135.1753921  292.4870943  207.2529570
  3  135.2803960  291.5262401  207.4957345
  3  135.3701852  290.5869521  207.6068457
  3  135.5231430  289.6348226  207.8274544
  3  135.7057327  288.6611886  207.9814889
  3  135.8518821  287.6946587  208.1188702
  3  135.9335837  286.7480867  208.3091237
  3  136.0750431  285.7980774  208.5025275
  3  136.3111114  284.7933898  208.6778101
  3  136.5231870  283.8930044  208.8464751
  3  136.7679078  283.0085314  208.9595249
  3  137.0454535  282.0782347  209.0818742
  3  137.3288900  281.1757906  209.2276645
  3  137.6700795  280.2869378  209.3308320
  3  137.9734086  279.3791066  209.4917564
  3  138.2215243  278.4769069  209.6206064
  3  138.5121548  277.5466237  209.7246539
  3  138.9186680  276.7081347  209.8373335
  3  139.3218655  275.8974371  210.0763688
  3  139.8457999  275.1776795  210.4059136
  3  140.3999662  274.4239912  210.7073315
  3  141.0151401  273.7006470  210.9971456
  3  141.6213712  273.0418894  211.3266288
  3  142.1674776  272.3189492  211.5882845
  3  142.7698142  271.6062542  211.9706372
  3  143.3574924  270.8996698  212.3585884
  3  143.8895448  270.2707580  212.8070280
  3  144.5171123  269.7065228  213.2479933
  3  145.1404480  269.1723957  213.7406181
  3  145.7239257  268.5704535  214.1687538
  3  146.3950684  268.0629662  214.6598378
  3  147.0459850  267.5842006  215.1427205
  3  147.6197241  267.1373446  215.6738488
  3  148.2713055  266.6262238  216.2102682
  3  148.9588568  266.2474190  216.7321615
  3  149.7121157  265.9051893  217.2651347
  3  150.4377872  265.5061086  217.8039581
  3  151.1438131  265.1924225  218.2637013
  3  151.8812997  264.8871961  218.7869486
  3  152.6904901  264.6096994  219.1626169
  3  153.5129884  264.3575169  219.6430056
  3  154.3392066  264.0854628  220.0441468
  3  155.2384240  263.8048356  220.3942005
  3  156.1457875  263.5936556  220.7063551
  3  157.0769287  263.4183315  221.0337160
  3  157.9781238  263.2945601  221.2530173
  3  158.8552604  263.1557933  221.4830420
  3  159.7475817  262.9852560  221.8201550
  3  160.7262174  262.9043017  222.1784965
  3  161.6858028  262.9330126  222.3949751
  3  162.5721280  262.9136860  222.6177246
  3  163.4761309  262.7690456  222.8570573
  3  164.3849119  262.6314198  223.0981422
  3  165.2962524  262.5324663  223.3978322
  3  166.1758405  262.4134519  223.6737880
  3  167.1254178  262.2429236  223.9558917
  3  168.0094244  262.0869789  224.3181812
  3  168.9926281  261.9223359  224.5809647
  3  169.9179538  261.8452000  224.9254594
  3  170.7836493  261.7712039  225.2762308
  3  171.6472697  261.6116595  225.5769488
  3  172.5388367  261.4857293  225.8822652
  3  173.4305652  261.3427433  226.1520135
  3  174.3765046  261.2751302  226.3531449
  3  175.3994425  261.2406618  226.5743499
  3  176.3441121  261.2704973  226.7499336
  3  177.2830916  261.3498832  226.9888170
  3  178.2087875  261.4346434  227.1758979
  3  179.1421588  261.5227222  227.4790121
  3  180.1013719  261.5762534  227.7931448
  3  181.0328250  261.6362509  228.0046945
  3  181.9898601  261.6744680  228.2358147
  3  182.9243707  261.7357026  228.5331399
  3  183.9500595  261.6739439  228.7787650
  3  184.8936106  261.5678195  228.9891154
  3  185.8289970  261.5122417  229.1043794
  3  186.8037707  261.4843106  229.1795665
  3  187.7382215  261.4870688  229.2356332
  3  188.7326568  261.6014557  229.2694911
  3  189.6466035  261.7043622  229.3397748
  3  190.6152015  261.8595493  229.3613629
  3  191.5329322  262.0132159  229.4772095
  3  192.4534558  262.2213903  229.6290825
  3  193.3645814  262.4310828  229.7592358
  3  194.2509766  262.6607181  229.9367494
  3  195.1752863  262.8532457  230.1249122
  3  196.1099553  263.0364293  230.2912499
  3  197.0608952  263.1629114  230.3974571
  3  198.0420508  263.2217163  230.6041778
  3  199.0185042  263.2928130  230.7789009
  3  199.9884265  263.3914746  230.9082032
  3  200.9309163  263.4373823  231.0392928
  3  201.9050345  263.5115165  231.1548748
  3  202.8748214  263.5709237  231.3214145
  3  203.8234890  263.6159939  231.5054249
  3  204.7997950  263.6382833  231.7518525
  3  205.7325108  263.5935970  231.9359088
  3  206.6725571  263.4548959  232.1515902
  3  207.5673668  263.2428238  232.3209021
  3  208.5210196  263.0211152  232.5292791
  3  209.4218093  262.7451162  232.6846371
  3  210.3176036  262.4940204  232.8356824
  3  211.2525543  262.2700274  232.9986473
  3  212.2288725  262.0583430  233.1365084
  3  213.1451360  261.8973981  233.2702311
  3  214.0595187  261.6440473  233.3429421
  3  214.9999002  261.3535651  233.4054140
  3  215.8993785  261.0189064  233.4535413
  3  216.7912823  260.6765435  233.5166067
  3  217.7283435  260.4045393  233.6531032
  3  218.7134109  260.1085601  233.8418277
  3  219.5942660  259.8409020  234.0481666
  3  220.5204925  259.6062974  234.2588249
  3  221.4581368  259.3658467  234.5400001
  3  222.3480879  259.1462012  234.7663668
  3  223.2944314  258.9778422  235.0647862
  3  224.2524302  258.8342057  235.3297760
  3  225.1723744  258.7134473  235.5576051
  3  226.1098400  258.5663889  235.8605082
  3  227.0019594  258.4617385  236.0978300
  3  227.9147658  258.3784966  236.3538842
  3  228.8722897  258.3233937  236.6174852
  3  229.7569050  258.3007709  236.8796454
  3  230.6843161  258.3318936  237.1836646
  3  231.5533996  258.4157686  237.5338011
  3  232.4151534  258.5104181  237.8626768
  3  233.3450782  258.6284467  238.2359239
  3  234.2026632  258.6847188  238.6006451
  3  235.1074165  258.6999004  239.0033218
  3  236.0593648  258.7449296  239.4042793
  3  236.9865481  258.8738700  239.7422745
  3  237.9159598  259.0079723  239.9978445
  3  238.9058775  259.1430597  240.3105612
  3  239.8464135  259.2530102  240.6007347
  3  240.7446780  259.3456976  240.8653142
     -0.5317958     -0.0712006      0.0183696
     -0.5413902      1.2022631     -0.0668573
      0.2782848      0.9235951      0.2933253
     -0.5126333     -0.9130504     -0.6067558
      0.4461627      0.3023663      0.7155656
     -0.6691709     -1.8059930     -1.3700245
     -0.1938478     -0.2016131     -0.3543628
      0.7473530      0.9325551     -1.1095981
     -1.0073604      0.6801782     -0.6549766
      1.3109307     -0.8542404      0.3624523
      1.0668995     -1.1419624      0.0588160
     -0.1869958     -2.0982277     -2.0881242
     -1.0656705      0.3504745      1.2526459
      0.5029221      0.0426702      1.3621373
     -0.0145161     -0.9101524      0.0503892
      0.5224454     -0.4105311     -0.2213336
     -0.4767558      0.4540044     -1.6026919
     -0.8991318      0.3756817      0.2451441
     -1.0266146      0.1292353      2.4142080
     -0.1795403     -1.0354410      0.6180209
     -0.2934548     -0.1100529      0.0269312
      0.7839917     -1.3674571      0.8976218
      0.9774946      0.7748004     -1.4168870
     -0.0059027     -0.5267354     -0.8823968
     -0.0865053     -0.9171235      1.6132419
      0.2939019     -0.6436262      0.3415432
     -1.2493074     -0.3066426     -1.0111822
     -0.0275618     -0.3124192      1.2249776
      0.0621156     -0.0869329     -0.1169780
     -0.0645081      0.2382802     -0.0837770
      0.2310349      0.2435952      0.0350429
      0.6554626     -0.1134875     -0.4523113
      0.2026966     -1.0337581     -1.0102628
     -0.9072753      0.0994173     -0.9272411
      0.6633466     -0.7834820     -0.2259760
     -0.2799891     -1.9220314      1.2027793
      0.4611272     -1.4767913      0.2146477
      0.1194370     -0.1226514      1.2448720
     -0.0745665      0.1308835      1.1099328
      0.1321222     -2.2273123      0.2532536
     -0.2074710     -0.2069891     -0.8412291
      0.3670098     -0.6453550     -2.0797977
     -1.0023795      0.9083641     -0.5991583
      0.3300114      0.6994031     -1.3007045
     -1.0620817     -0.9825193      0.4639074
     -0.9775343      0.7995189     -0.0478027
     -1.2123883      0.5257002     -0.5459782
      0.3678258      0.8041543     -1.3220695
      1.1921895     -0.1592293     -0.5519865
     -0.4435869      0.0492761      0.2753000
     -0.3380098      0.8357750     -0.1736841
     -0.2941076      0.0249047      0.6130311
     -0.1162930      3.0036712     -1.1617074
     -1.3413754      0.0718967     -0.0593002
      1.2767839     -0.0630943     -1.6499051
     -0.2771113      0.7249695     -2.6269221
      1.3384158     -0.7776816     -0.5964459
     -1.2597095     -1.1349260      0.5541721
     -0.4124861      0.7098874      0.4314609
     -0.5394774     -1.3685122     -0.3496356
     -0.9493666     -0.3134844     -0.9421774
      0.8860473      0.1193463      0.2861567
      0.9691418     -0.7267816     -0.6347335
      0.2011113      1.2967297     -0.1486957
      0.4771601     -0.5282599      0.5238611
      0.8518693     -0.6549445     -0.1857216
      0.3483555     -0.8415202      0.2116185
     -0.5090077     -1.1350057     -1.1093032
     -2.3424745      0.2949139     -0.9649712
     -1.5571244      0.1137361     -0.1400935
      0.4257210      0.5154849      1.3344321
     -1.1402022      1.0932316     -0.6179723
      0.0652934      0.9817543     -0.8219439
     -1.5804632      0.2335308     -0.8081364
      0.1195947     -0.2676707     -0.2287205
      0.3011309     -1.0410947     -0.6261142
     -0.2585268     -1.3824036      0.3637903
     -0.5640935     -0.9231251     -0.1202263
      1.3287826     -0.1820283     -0.6413054
     -0.6664459      0.0856338      0.2264125
      0.6370001      0.6371301     -1.0576215
     -1.9003618      0.7259956      1.4895939
      0.5712607     -0.0513310      0.4071426
      0.5162057     -0.3381012      1.2015850
      1.5315533     -1.3241756      0.4948334
      0.4351543     -0.0881867      0.6434844
      0.3309702      1.2946453     -1.0592918
     -0.1951698     -0.2820170      0.6614673
     -1.1905551     -0.5188424     -0.6676196
     -0.0844609      0.7920036      0.7139490
      0.6249894     -2.1387639     -1.5868607
     -0.6029211      0.5021093     -0.0473853
      0.4347394     -0.0698516     -0.8323147
      0.9583350     -1.3493584      0.2157554
     -0.8377977      0.5755957     -1.0717227
     -0.4774646     -1.6409348     -1.3202116
      0.2971859      0.3607785      1.1878242
     -0.3494716     -0.3265375      0.4791201
      1.7328602      1.1369350     -0.1332660
     -1.3410033     -1.0081983     -0.9361599
      1.4511191      0.4972001     -0.0529069
     -0.6392177      0.8626016     -0.2990407
     -1.1000174      0.7824261      1.3228582
     -1.5405288      0.3755071      0.7339477
      0.4134518      0.2339167     -0.4129591
      0.4940620     -0.3760182      0.7783139
     -0.1937616      0.9913775      1.4988530
     -0.5489176      0.0770915      1.1268871
      1.3326113     -0.7338178     -1.0560966
     -0.5610474      0.8551606     -0.9921330
     -0.9182589     -0.1812713     -1.9560289
      0.1119670     -0.6046595      0.6776200
      0.1242788      0.6079230     -0.9856631
      0.4061641     -2.0418663      1.0777613
      1.4388035     -0.5557583     -0.0479316
     -0.5170253      0.3857900     -0.1185373
     -0.3758686      1.4592767      0.1240812
      0.2975028      0.7236856      1.3464092
      0.0270924     -0.4869198     -0.9392104
     -1.4084797     -0.7222807     -0.4105496
      0.1385238     -0.6574619     -0.6500691
     -0.2231597     -0.8732925     -0.6989006
      1.6537128      0.1627151      0.3550172
      2.0525467      0.0053780      0.1341528
      0.2192546      1.9007150      1.3469093
     -0.6215959     -0.5593108     -0.3143355
     -0.6786294      1.8556195     -1.3442258
     -0.7003412     -0.3989961     -0.5539320
     -0.2178899     -0.5289475     -1.1471492
     -0.2016036      0.5300553     -0.2146213
      0.4189076      1.6584917      0.2227210
      0.1024020     -1.2096752     -0.1748305
      0.3763799     -0.2924700      0.6812613
      1.8355826      0.0358884     -1.0526302
      0.2633052     -0.1659201     -0.9786716
      1.5003700      0.0935655      0.8767334
     -1.1989377      1.0723394     -0.6365738
      0.1622065     -0.0659207      1.6269203
     -0.0237267      0.4506708      0.1934313
      0.1250763     -0.4093381     -1.5526955
      1.8897355      1.3477182      0.6258642
     -0.0040992     -0.4512105      0.7659535
      0.0727766     -0.8148923      0.3927166
      1.8473041      0.1187194      0.7164917
     -0.4830698      0.6059341      1.0012368
     -0.5097851      0.3365037      0.8571237
      0.8837174     -0.4574981     -0.0651352
      0.2494190     -0.0840269      0.1219623
     -0.1720501     -0.4813025     -2.2943211
      0.0760808     -0.0119008      0.6963573
     -1.5201342     -0.4215033      0.2617465
      1.1068667     -0.1137395      0.7929445
     -0.7848946     -0.1625033     -1.4783334
     -0.4817394     -1.2061093      0.2699155
     -0.3215112      0.7094230     -0.0073465
      1.4488459     -0.4583201     -1.4249124
     -1.5326850      0.1231300     -1.6507870
      0.6975583      0.5192855     -0.2596486
      0.5077977      0.3950561      0.5489028
      1.0825429     -0.2586472      0.4394982
      0.3938607      0.4757936     -0.2873585
     -0.0397196     -1.2510252     -0.6076986
     -1.6094847     -0.0387679      0.1202208
     -0.1493844      0.6513796      1.3961514
     -1.2655359     -1.3157396      0.6160210
     -0.1919723     -0.0399851     -0.2414988
      0.5418763     -1.0944717     -0.2418848
     -0.0877840      0.1871640     -1.5611730
      0.3975533      0.4272017     -1.0756028
      0.1993870     -0.9388523     -0.1476873
      0.7255858      1.0146294     -2.0363939
      0.2007774     -0.5872534     -0.4423452
      0.9384969     -1.4486631      0.9919546
      0.1040956     -0.7703604      0.4691142
      0.3122685      0.0502973     -0.7382236
      0.5281272     -0.2596456     -1.1227541
     -1.5178933     -0.5518438     -0.3548645
      0.8294228      0.2359147      1.8341431
     -1.2753085      0.3101796      0.5944980
     -0.3342592      0.4009432      0.0685873
      0.0950596     -0.0156960     -0.8972334
     -2.0209746     -1.4454373      2.1444482
      1.0272680     -0.1835979      0.4306715
      0.1392746      1.6021952     -0.5058965
      0.0465937      0.1422742     -0.8370297
     -0.8329388     -0.6004957      1.0297817
      0.8514302     -1.3743144     -0.0549315
      0.2248274      0.2301511     -0.9285628
     -0.1298154     -0.0042248      1.1738224
     -0.3363785     -0.5212011      0.5722013
     -0.6626659     -2.8025702      0.8160774
     -1.7517658      0.6298028     -0.3143620
      0.3048011     -0.0380321      0.9109928
     -1.6543433      1.3164061      0.9402035
     -0.3331961      0.0691487      0.5575062
      0.1954122      0.2327077      0.9529252
     -1.3364045     -0.2031704      0.0663484
      0.1535477      0.7152974     -1.7471257
      0.1686919     -1.0851950     -0.5540106
      0.1546036     -0.8044828     -0.1941817
      0.1324114     -0.1401449     -0.9666821
      0.1026702      0.6619422     -0.0870352
     -0.3323193     -0.1169206      0.9188174
     -0.4177305      0.5334271     -0.6326376
     -0.1937223      0.4631748     -1.1114440
     -0.4392394      0.4504545     -0.4513455
      0.6730951     -0.2722176     -0.0955964
      0.7090781      0.2413118     -0.3551519
      1.8464571     -0.1582855      0.9618737
      0.5662380      0.0540771      0.1679894
     -0.8041560      0.0597595      0.9375996
     -0.7619405      0.2576410     -0.3922659
     -0.6097128     -0.1236322     -0.1638435
     -1.0255552      1.2927138      0.8645510
     -1.7000817     -0.0728002      0.5260804
     -1.6694562      0.2658923      0.4344356
      1.0500505     -0.3800760      1.6403297
     -0.8039592      0.0153864      0.9034694
     -0.8555756     -1.2464121     -0.4075822
     -0.3247598      0.2122677      0.0932983
     -0.3770974      0.0764464     -1.0605023
      0.4089848     -0.2787675      1.5787013
     -0.2729724      0.3739861      0.1891025
     -0.0316719      1.3246481     -1.0089047
      0.4566459     -0.0778555     -1.8035326
     -0.4874743      0.1257599     -2.1704967
      0.8263456      0.2261252     -0.1354189
     -1.2498308     -0.6686006      0.4614697
     -0.4432045     -0.7065204     -1.1197602
     -0.5185299      1.6184253      0.2726240
     -0.3080075      1.3193092     -0.2001024
     -0.2868273     -0.2452352      0.6205389
     -1.6228846      0.2188453     -0.7841280
      2.0275626     -0.7569249      1.3500737
      0.6605450     -3.0572636     -0.5054332
     -0.4280754     -0.4733001      1.3224229
      1.1139246     -0.3641313     -0.8824027
     -0.2502514      2.0152756      0.6705838
      0.3932482     -1.1778191     -1.6197935
     -0.3512701      0.3318877      0.5118224
     -0.2049758      0.2424460     -0.3488203
      1.7622689      0.8892801      0.4609410
      1.7720405     -1.3163700     -0.5275115
      0.3811813      1.2198378     -1.0819819
     -0.3131940      0.6883329     -0.9669895
      0.0148705      0.0752135     -0.9054590
      0.9888070      0.4649269      0.7336665
     -1.3357080      0.3223680      0.2725725
     -0.8866862     -0.0791693      0.8904798
      0.9326149     -0.5081532     -0.4892672
     -1.1742058     -1.0743277     -0.5749998
     -0.8154128     -0.4085950      0.8148244
     -1.1694357      1.6400824      1.7484475
     -1.0678928     -0.2625700      0.4351120
      0.9812235      0.0937142      0.5556298
     -1.7101174      0.3220871     -1.7939772
     -2.0110634     -1.3187178     -0.2004741
     -0.1501998     -0.6926622      0.3642091
     -1.1730034     -0.9575665      1.3229715
      0.3444435     -1.9676680     -1.0029716
     -0.2831441     -0.2662560      0.6460618
      0.8570545     -1.0372337      0.3647772
     -0.8925122      0.1068323      1.1052715
     -0.0871715      0.3134934     -1.6706594
     -1.4338886      0.6274154     -1.4420445
      0.2248263      1.5805341      0.8692729
      0.4122944      0.0513832     -0.9486255
      0.5566469      0.6507776     -0.1035070
      0.2656646      1.1933743      0.5291670
     -1.4842654     -1.6655927      1.9074026
     -0.5934613      2.2013242      0.2226352
      0.6422120     -1.8776221     -1.0581310
      0.1431087     -1.1963247     -1.0589564
     -0.0491054      0.3378568      0.3941172
      1.1421638     -0.4177590      0.4136481
     -2.7037579      0.4203140      0.3458154
     -0.2190651      1.0042044      0.3840729
      0.2108131     -0.6550024      1.3380996
     -1.2490073      0.6382932     -0.6848995
      0.9269950      0.9953951      0.1055166
      1.6017391     -0.3507058      0.3003794
     -0.4885253      0.0609395      0.7210726
     -0.4684267      1.0187063      0.9450208
      0.0139469      0.8560568      0.1098692
      0.0122751     -1.3008533     -1.3128708
      1.6161673      1.5937119     -0.0434788
     -0.6298354      0.4148373     -0.0175262
     -0.1533785      0.4093125      1.6553049
     -0.9453900      0.3090113      0.6600425
      1.4235558     -1.0728125      1.5860566
     -0.6553186      0.1793344      0.2353236
      0.7233089      0.5164008     -0.5664249
     -0.1795312      0.1401194     -0.7783395
     -1.3560651     -2.4596340     -0.8102408
      0.1558882     -2.3391242      1.6854379
     -1.3913113     -0.3044069      1.2222707
      1.3281395     -0.7317390     -0.2360132
     -0.5236260     -0.4909795      0.6062304
     -0.6513344     -0.7807582      1.5287488
      0.9505410     -0.5535226     -0.8788849
      0.4905227     -1.0263984     -0.3119265
      0.9930183      0.3070848     -0.6605981
      0.1905480      0.7774744      0.7996632
      0.2576986     -0.3711201      0.2082897
     -1.3070758      0.0579334      0.6431067
      0.2290341     -0.3821863      0.0729507
      1.0887320      0.1421185     -0.7100988
      0.8462552      1.1296422     -0.1723967
     -0.0945889     -0.5416648     -0.3306443
     -1.1949253     -0.7507178     -1.6058517
     -0.3260023      0.8079736      0.9484177
      1.2038525      1.0019541      0.3440420
      0.1845052     -0.0149245      0.4724487
     -0.3325106     -0.1290861     -0.6448740
     -0.8573010      0.2010745     -0.8792079
      0.9593753     -1.1867869      1.4096147
     -0.4407691      0.8869487      0.1218228
     -0.1853199     -0.1222417     -0.4185872
      0.0871011      0.9089978      0.9754085
      0.5369684      0.7427289     -1.7027092
      1.4486912     -0.6300834     -0.4248029
      1.1721193     -0.3744189      1.7384721
     -1.5065973     -0.0742169      0.7389875
      0.1997057      0.7011932      0.1886109
     -0.7072908     -0.7507895      0.6279477
      0.6733634      0.2776032      0.0121958
     -0.2515702      1.2657830     -0.4862389
      0.2551718      1.0199352      0.2090363
     -0.5980339     -0.6186766      0.2980760
     -0.2444131     -1.6654321      0.1454029
      0.5786058      1.3083040     -0.8955403
      0.4871970      1.6617464      0.6346298
      0.7123699      0.0667543      0.2151170
      0.6379649     -0.7857857     -0.6198578
      0.8941750      0.3530510      1.0533827
      0.4343043      1.1381373     -1.2933475
      1.0847329     -0.7014366      0.3530028
      1.4759541     -0.3611177      0.3235048
      1.1337046      0.4349454     -1.6766964
     -1.2236217      0.6027168      2.0773170
     -0.8379215      0.5288984     -1.3494060
      0.7491356      0.0782959     -0.3343348
     -0.0273075      0.3483484     -0.9643874
     -0.3748682     -0.6045259     -1.5504959
     -1.2708370      0.9261420     -1.0397078
      0.7785429      0.7860883      0.5929459
      1.7945497     -0.0293490     -1.0115155
      0.1613200     -0.5138845     -0.1742436
      1.2363744      0.3160228     -0.2903245
      0.5942259     -1.2898897      0.0133472
      0.7918478     -0.7275369     -0.7486156
      1.3434986      1.0296333      0.3267501
      0.0344665      1.2374791      0.0740864
     -0.7392802      0.9219331      0.4108733
      0.3715550      2.1636418     -0.2975986
     -0.5802455     -0.4595185     -0.0602459
      0.9877873      0.0190105      0.2035677
      1.3544359      0.7631691     -0.1498709
     -0.1135720     -0.6731072      0.7038666
      0.2341244      0.7806463      0.8065438
      1.2060725     -0.4633192      0.5274053
      0.0540135     -0.1005582     -0.7012356
     -0.2996161      0.0284016      0.2922808
      0.5566762     -0.1251570      0.8324368
     -0.2808134     -1.4938327      0.5703137
     -0.3722007     -1.6218377     -1.8543217
      0.0998616      1.1020356      0.6329472
      2.2361808      0.9784905     -0.1231368
     -1.1464196      1.5273315     -0.8521393
      0.4252285     -0.3228465      1.1788822
      1.4950128      1.7272052      0.7392886
     -1.0299019      0.0621232      0.6899649
      0.3398872     -0.2189867     -0.1341879
      0.0469904     -2.2304314     -0.0569460
      0.1434885     -0.2972056     -1.5532100
     -0.9771379     -0.0790602     -0.4524772
     -0.7613778      0.8976101     -0.3641043
      0.6493206     -1.2731820     -0.6535673
     -1.0074117     -0.4561951     -0.4356408
      1.5410468     -0.7664491     -0.2966366
     -0.1718622      0.2119067     -0.2428612
      1.2568645      0.6640536      0.1854453
     -0.9654186     -0.5477794     -0.2898790
     -0.7618115      0.6214506     -1.0016490
      1.1137892     -0.9158181      1.4503563
      1.0822708      1.4482482      1.4937686
     -0.3894638     -1.1900860     -1.3493408
      0.3627465      0.0855925      0.3578493
     -0.5806929      0.4456191     -0.1166702
     -2.2733890     -0.9260349     -0.6995769
     -0.5324908      0.3677504      0.8869710
     -0.0539683      0.3845883      0.5593240
     -0.9702160      1.2970622      0.4744282
      0.3488705     -0.3525749     -0.1325614
      0.0156385     -0.2040463     -1.1527155
      2.4295117      0.2466665     -0.4551557
     -0.7570561      1.1821531      1.4135755
      1.2356544     -1.1634955      0.0624468
      0.3892475      1.4205568     -0.4008060
     -1.6674283     -0.5193090     -0.1727071
     -0.7239997      1.0228764      1.1509107
      2.0263276      1.1702371      0.0379446
      0.3075706     -0.7155816      0.4447010
     -0.3901701     -0.7104596      0.3581116
     -0.9897048      0.5988119      0.5807809
     -0.1433963     -0.5139338     -0.1845588
     -1.0587368     -0.1592871      1.0315772
      0.5472596     -1.9488723     -1.0151485
     -0.4887314     -0.6537280      0.2209296
     -1.2408238      0.8871085      0.1270164
     -1.4581219      0.1023690     -0.7846747
      0.2381419     -0.8092885     -0.7891357
     -0.4818146     -0.5576196     -0.2369743
     -0.4741120      1.0031458     -1.0798301
     -0.9598928     -0.8562559      1.4013789
     -0.9303191      1.2222610     -1.3425801
      0.9349737      0.3216978      0.7720708
     -1.0379293      0.4456835     -0.9969112
      0.5793512     -0.4623614     -0.7429340
      0.4630649      0.2807309      1.0926962
      1.3111536     -1.2049302     -1.3361087
      0.5586215      0.8607966     -1.4098626
      0.7546348      0.5477486     -1.4125257
     -0.7192523     -0.4534524      0.1640072
     -0.7766425      0.6873593      0.5409521
      0.4755849      0.0538697     -0.7336944
      0.2472146      0.1153349     -0.2260252
      1.1553248     -0.4622477     -0.3612053
      0.3633389      0.4567137     -0.3436739
      0.4417558     -0.2319043     -0.3829836
     -0.4213414      0.5666605     -0.2844757
      1.3517205      0.2265658     -0.9933765
     -0.0337622     -0.3751461     -0.7399659
      0.8018112      0.0598043     -0.5691129
     -0.6465278      0.4627968      0.0515086
     -0.3710694     -0.2265443      0.0673949
     -0.3951062     -0.4265140     -1.4012274
      0.7729290     -1.0307501     -0.0593666
     -0.1097910     -0.4804632     -0.5535541
      0.4376502     -1.6589313     -0.0853212
      0.6831003      0.2783980      0.8130794
     -0.4472275     -0.9828743      1.2452156
     -0.1218586     -1.4887704      0.6086433
     -0.8123921      0.9369861     -1.2137048
     -0.4782705     -0.9638609      0.4058377
      0.2624831     -0.6190047      0.3285980
      0.3126754     -0.2991171      0.5522569
     -2.7830560      1.4693891      0.5689954
      1.1858350     -1.8284447      0.5568161
     -1.7023350     -1.0832811      0.3497856
      0.4114714      0.8108965     -1.6986048
      1.8415309      0.2768963      0.1359888
     -0.7473323     -0.7606862      0.6428570
     -0.0388678     -0.3774115     -0.0591323
     -1.1831680     -1.0813889      0.5479863
      0.9367965     -0.2828587      0.2098626
     -0.3742826      0.1605348     -0.3828674
      0.3502944      0.4543557     -1.6478057
      0.1761657      0.3856518     -0.3783174
     -0.6860378      0.6206830      1.8467183
      0.6804720      0.7388744      0.3524174
     -2.1392311     -0.9949501      0.0974390
     -0.2862577      0.1907929      0.1053691
      0.9999932     -1.0793317      0.7079615
      0.3434613     -1.1514115      0.3767337
      0.9438648      0.7069544     -1.3993113
     -0.4392492     -1.0836460     -1.6668702
      0.5084929     -0.0120005     -0.4990593
      0.1925994      0.3783416     -0.0186659
     -1.1602988     -0.8042350     -1.3507579
      0.7380474      1.6901257     -0.4511772
      0.2606363     -0.4573181      0.4337338
     -0.7908159      0.0628431     -0.3214531
      0.9172497     -0.7275484      0.8346913
      0.2985190     -0.6447414     -0.7959412
     -1.8496193     -0.1141231      0.3161003
     -0.2635182     -0.5217956     -0.1481762
      0.3110312      0.0648028      1.0445166
      0.5226038     -0.1961734      0.3810088
      0.2126352     -0.0719212     -0.1029464
     -0.3443776     -0.5108220     -1.3937246
      0.1340724      1.8205621     -0.1354603
     -0.8385108      0.8547911     -0.3194272
     -0.9969141      0.2494423     -0.6508859
      1.7232169      0.4761042      1.4317443
      0.5227279      0.0956274      0.7514878
     -1.9257646      0.8865439      0.1372899
      1.2806579     -1.2575303     -0.3986031
     -0.4469384     -0.7068668      0.1720656
      1.5510445     -0.3466758     -0.6078126
      0.9430263      0.4495828      0.8758506
      0.8885158      0.6264981      0.1448439
     -0.4871340      1.4417105     -0.6668781
      0.1137713      0.3147471     -0.3393726
      1.3396272     -1.2079860     -0.3283305
      1.1643774     -0.3088985     -1.3594943
     -0.6258825      0.2422780      0.9555733
     -0.9688170     -0.9986948     -0.0794190
      0.2986648      0.3004321      0.0973514
      1.5163120     -0.2066818     -1.4381287
      1.5508792      0.4697475      0.0059098
     -0.2735723     -0.3195556      1.0452447
     -0.5912710      1.4085184     -0.3080639
     -0.0037386      1.4299686      2.0712483
     -0.2896073     -1.4938053      0.2315739
     -0.0576118     -0.9908326      0.5015263
      0.4929038      0.6332742      0.0302930
     -0.2613411      0.6123216     -0.2978364
      0.2502881      0.0488900      1.9373306
      1.2386395     -1.0241479     -0.4642474
      0.4009941      0.3608298     -0.9793780
     -0.8617179      0.9513887     -0.8910207
     -2.2468176    -35.1602370     -7.8692050
     -6.5089975     21.1888231     -0.5477252
    -17.6707995     34.2177959      0.0125205
     31.6916417    -76.5992891     54.5088356
      0.9790182     58.6467294    -73.1244295
    -21.7239795     14.8849836      9.2642270
     30.1089299    -16.6328101    -19.1589915
    -22.0756454    -11.4378046     40.7176961
      9.2061819     16.6215360     15.6843155
     -0.8742452     -8.2036146    -55.7228050
    -12.3735022     -5.0220369     21.8763475
     11.1409229     31.6110518      3.4544409
     36.2467484    -29.9823773     -3.5582008
    -59.2514423     22.5765901    -22.5532889
      4.9216981    -19.6336876      3.9926689
     49.4106462    -46.0097185     55.2536486
    -65.2670331     24.3481360    -44.7365629
     12.0417162    -32.8096985     16.9912667
     29.4214173     17.3523987     -5.3914183
    -14.0084420     -4.6669105    -12.1567753
     21.0450943     -8.4256515     47.1086266
      9.0779124    -25.8548530    -54.6509491
    -52.4962969     58.6090667     -1.1923287
     10.4370172    -11.0314578     12.6602739
     23.8615407    -41.1611414     -1.3979645
    -13.7044614    -24.7024390     12.9258268
    -23.9631571     41.0640429    -31.2282843
     -5.1934899     -4.8466132     49.3892581
      4.7317837     -8.4198538    -83.6881497
      3.2185079     76.9107149     51.7645416
     35.4495274    -21.4169205    -50.0149634
    -36.7619069     12.5613259     28.6840635
      5.3101254     22.4110717     16.7701437
    -19.6887473    -25.3211816    -52.9328494
     31.0703055      1.0469121      5.2239361
     23.1496751    -43.3654472     49.4850716
     -7.8545967     15.4536133     28.7248075
     -4.3910509      0.8117988    -71.7645629
    -20.1435712     17.6973840     23.7738017
     10.3120577    -13.0559683    -23.8473361
     -2.6895742    -20.9710154     24.6811895
    -15.0414727     32.8278184      6.4898363
     33.1373068    -38.0377505     27.4371674
    -48.4116191    -14.3489106    -18.2496891
     28.1293140     16.0893031    -14.5045578
    -28.6712233     33.0901708     -5.7459066
     24.6509846    -19.6356265     21.3353562
     11.6914117    -52.5644179     -2.1217597
    -27.7875210      4.7941664     20.6220211
     -2.1758040     76.2078152    -23.6490577
     38.5083309    -22.9787687    -38.7705343
    -57.2811120     12.1440711     49.5680700
     46.9411828    -99.1955572     33.6685394
    -19.1677549     94.4200986    -52.0026874
    -11.9468605     27.8393167     -1.8077712
     32.5187291    -39.5541070    -28.3388017
    -68.1953182     35.9296201     75.9728806
     44.9927762     13.8567418    -47.1638327
    -57.4012450    -60.5236410     11.5008192
     62.9736486     41.8823571     25.1900178
    -48.3147322    -40.4384782    -15.2602788
     55.9671409     20.9681916      2.2465812
    -27.8611012    -23.9433052     -6.2464245
     -6.9442628     42.8435031    -23.7848365
     14.6807740    -21.4835055     60.2252102
    -27.2099133     -0.1595281    -41.9132939
    -23.0676903     -6.1698137    -15.2369156
     43.5801155     47.2095590     25.2140510
     20.8386138      8.4534990     -4.5422185
    -66.2435203    -31.6502116     -9.0900171
     17.9490020     24.9069570     43.3209194
     28.7125786    -10.7339932    -71.2924921
    -21.0921252     18.2113254     51.3642378
    -14.1120169    -30.5760844     -9.6899964
     34.3975556    -38.8816308     11.0465030
    -33.9283893     49.1619260     -7.4202284
     38.8960571      1.9465389    -26.5256599
    -59.2725971    -25.1137048     42.1605199
     93.0190013     39.0721656    -37.8971665
    -99.2506559    -11.6864731      8.2487869
     50.1564831      6.3030949     34.2526970
     29.3750617     -1.1233516    -33.2587055
    -16.6842633    -22.7878773     15.0526701
    -30.0476411    -20.5461876     21.6549241
     17.1465425     51.6920336     -8.3673899
      4.2154019     -4.7583237    -37.7650805
    -15.8717726     14.8577881     18.1540057
     12.9173077     -9.1977882     19.7442746
     19.8829972    -28.3813350    -26.4806052
     -5.9515299     -1.6972784     10.8704867
    -24.6043746     -6.1294140    -12.7680060
     23.7550064    -67.5564633     28.5162903
     12.2344896     57.2339755    -11.3585829
    -39.8504848     59.4410498    -33.2036605
      4.5694115    -59.0608769     50.6260544
     34.5003024     29.0693284    -33.4540084
    -60.2289322     22.8070857     21.2530555
     29.2984852    -19.8951375    -53.0033889
      0.4231747     -5.0324690     58.4988389
    -17.8061125      6.1668986    -42.7975049
     44.4853953    -51.2751974     -8.0520315
    -20.1060278     61.8065643     62.7548188
      9.8893454    -55.2078005    -32.5579619
     -4.1525061     -9.0675059    -27.2111407
    -40.6883126     25.0611933     70.8368557
     63.4571311     19.0282042    -22.5914099
    -51.1479871    -33.3980795    -37.8116542
     76.8245306    -27.9059944     24.2214470
    -88.6588288     59.8202332     15.6689029
     -9.9169649      5.2651506    -64.9185540
     97.4258765    -40.7597839     71.8732171
    -79.1623642    -78.4411904    -28.9002462
     21.8306348     97.9950991    -12.5815634
     12.7988403     41.4999608      2.4968682
    -51.6812500    -28.5132222      4.0882562
     36.4547446      5.6171696    -27.5566514
    -16.9059492     13.5270435     -2.8502409
      5.1242504    -66.1142257      4.2644944
     17.6987562     -0.7758201     14.0674016
    -18.0172539     46.5499777    -29.0675120
     -3.7683048      3.2312199     44.9580773
     23.3854392      0.6537730    -65.5395376
    -24.1723609    -47.1391190     27.1526506
    -26.8596866     48.5302801     22.5164295
     29.1424940    -29.2822016    -46.6310153
     18.5323844    -10.9915127     21.9656213
    -29.3365949     53.5050347    -26.4449411
    -10.8335120    -50.5216243     41.9838190
     -1.6265316     45.7592707    -38.8038770
     35.6807786     -0.2296602      6.0680500
    -20.1865712    -38.2734051     -1.4884692
      6.7765635     46.4899758     -8.3638730
    -18.8516084    -73.6765289     37.4154911
      4.9128274     42.9521864    -18.6734755
     31.3013187    -26.8885442     -0.8099728
    -23.4196696      4.3761648     21.2889975
     -1.5616358     -8.4057394    -22.0428878
      4.7255304     21.7912954      0.3741073
     14.5393170    -51.8183826     28.5021678
     15.5280986     42.6647796    -47.4579583
    -43.0579727    -43.0871908     63.7955070
     31.0951792     63.7720077    -58.1482006
    -13.7827362    -89.0280185     18.0102201
     12.8908199     66.5804437     22.3888637
    -16.0196814     -3.1005034    -20.6641198
     18.4701621     37.2399845     -0.7722113
     -2.1887271     -3.8167009    -22.3025307
      5.5950443    -25.2070804     13.5367313
    -12.6943427      6.0906725     50.4121412
    -17.0769349    -33.0334782    -25.1118695
     38.5810081     21.9944803    -27.0125814
     -4.0780492     38.4823369     25.3615413
    -43.4856315     -7.1432636    -21.7843500
     55.4361718     -7.2380094     -2.6050621
    -13.5660707    -11.6268339      1.6595580
     10.5074166      2.9911905     13.1569648
      1.5156089     25.4535243     -7.4127109
    -30.0148567     10.7827280      7.4603867
     31.4623232    -32.3031216    -42.6010141
    -34.2769517     11.0593652     40.2129429
     17.4379518     -3.4588784    -14.1039373
    -23.7132957     -1.1470182     27.0380199
     73.2939587     19.4241818    -44.2765703
    -80.7622939    -32.8884126     22.0252308
     58.4234294     25.3918553    -12.1967211
    -20.0338342     24.8220642    -34.6925669
    -13.0725986    -11.2528519     40.1146719
     17.5757417    -36.1586600     23.5660601
      0.5397829     19.5666833      8.2911956
     -2.4487184      5.1671454    -30.2261380
     -7.8913407    -36.2190561     26.0562353
     38.5599626     25.2994919    -36.9646366
    -61.7229434      9.8773824     78.4824646
     41.0554255     15.4874947    -67.6222113
    -43.4302081     43.5344448     25.1677643
     34.3473784    -83.0666829     14.0153902
     21.0283144     11.9343380     -1.5664907
    -70.0441827     42.3200457    -17.7064054
     42.2051270    -25.1065144     -7.1286633
    -61.1646240     35.8886164    -14.8949653
     96.3044755    -14.4726753     -4.2109307
    -44.6630004    -39.8899791     53.9874068
    -21.3176201     -1.3329190    -16.9398600
     17.9835272     -2.6734308      2.5493086
      6.1203524     39.0506036      1.7027964
    -22.8546120    -26.7263387    -12.7085415
      2.7492499     -4.3521087    -37.3599099
     13.8179985     -1.3468355     -1.9270568
      4.8144910     48.1272513     54.4015744
    -28.1322117    -48.9033912    -47.1891671
     37.7811031     38.9303237     -7.1951374
    -20.1509396    -72.5699953    -10.1677341
     20.8260467     73.7106867      3.1554442
    -11.9553434    -45.3713556      2.4616635
     -4.2369527     52.8778205     14.4022511
     -6.7788027    -51.0829382      7.2524030
      7.1964492     34.0139533     -3.0940765
      6.4955845    -30.4862422     -2.3772588
    -12.7693350      4.6000063    -12.5848010
     46.2729102    -15.2640280     74.6425583
    -73.2199966      4.1389814      4.2149025
     60.5053315    -11.6000776     -9.1809047
    -33.9409189    -15.7822254    -73.8964636
    -19.5958134     44.3528029    -12.0791112
     25.4930640    -47.2113431     21.0023854
    -22.8401488     47.4258949     19.4541411
     33.2578074     15.5262551     -0.6749598
    -44.2997083    -33.9400829      1.3561886
     28.5429260     -7.9486799    -33.8195112
     -7.9006590     24.2560167     52.9208289
    -10.7575223    -18.2052452    -24.5415896
     29.0114584      7.8761468     -8.0325655
     -4.6570508     -3.8078841     27.2731118
     27.2110710    -19.1561214    -28.4145275
    -36.5337489     -3.9729524      1.5428766
     13.9378459      3.2265229     73.1385744
      8.2227172     -9.1336648    -71.6348462
      9.1243505      7.8406279      8.7143620
    -40.6715012     31.9449127    -12.0528495
     20.2454737    -34.3505065     49.9104432
    -45.8122683    -13.9557691     -8.0054795
     84.6918030     32.8745693     32.0616796
    -44.2419162     15.0585325    -54.6059821
     -6.4384518    -22.6111912     39.8382987
     13.9390730     -3.4201140    -21.0671990
     35.6772568    -19.0102830     60.0592177
    -39.8381973     40.8170447    -19.4318277
    -10.9690479    -12.9362457    -79.9731313
     43.4331223    -68.2429896     33.4496927
    -69.4386767     73.1338654     -2.1410990
     18.7379851     -1.5639849      6.3038678
     33.4543394      1.9938475    -20.2347802
     11.7470077    -60.6494372     25.1809297
     17.8431176     67.6452551     35.9892215
    -60.9147831    -44.9829011    -31.1953420
     59.6050114     -3.2919013    -12.0289459
    -64.0417075     21.7054245     40.8817375
    115.6248582     52.9214225      0.1510869
    -65.5772792    -48.3769584     -3.7647657
     29.8317424     31.7855868     -3.3586371
    -73.1884706    -24.9258214    -15.9415318
     30.5736613     -5.4537878      6.4997407
    -56.5904566      7.1360176      1.7259333
     14.2042647    -24.0806658      5.5928342
     86.3280631     54.0481715     33.5384847
    -22.0026801      2.2583597    -12.2935964
    -28.0842461    -44.1696982    -30.7473028
      3.2368273      2.0315147    -22.3573199
    -18.2313032     17.7413046     52.9942180
     33.1385543    -23.6980547      6.4507581
    -34.2375953     20.6252572    -77.7558173
     20.1524974    -26.7668290     86.5430626
     37.4675372     46.6245575      6.2497505
    -38.4829514    -20.9592889    -48.7370476
    -20.8682748    -34.4605899     11.7153712
     29.3459242      4.0566889     -9.3906525
      4.8632388     35.1668669     34.9430842
     41.2874844    -18.7784422    -39.3307810
    -37.0065578     -7.7876982     52.9925899
     44.6101313      3.4464119     -7.1070182
    -16.2967177     24.3405027    -47.0612543
    -28.5249390     -3.8991976     41.7318448
      3.3977927    -59.4508534    -26.6603378
    -17.5126715     71.0626841    -23.1835330
     12.6417209    -36.6740671     23.8043726
     26.4884149     -9.9846519    -29.8352386
    -15.1111535     57.2075780     59.5420758
     -0.2530529    -38.3385763    -60.9502161
     18.6558802     -4.1626410     36.1038107
     -5.6899214      9.5885448      5.5511196
     18.2398561     -9.6898971     20.2294063
     -6.7152659     46.7042764     10.2982122
    -18.8784615    -14.6895749    -64.0280586
     36.5790962    -51.6256444     30.6156636
    -44.2297959     40.2743165     19.3468907
     70.6062883     28.4980217      0.6222451
   -128.3061627    -66.4457467    -44.2120376
     22.3752147     37.2443540     -7.5098106
     16.5105610    -23.5526270      0.5732708
    -24.9852729    -13.9082288      5.0936957
     24.2372207     28.6775000     13.6619699
    -28.9053706     23.2620422     17.9232763
     45.6084165    -59.4232743    -36.6053773
    -22.8329240      5.8400887     24.7778752
     -7.3364985     13.9382474     -5.4148121
    -18.0446634     42.1812870    -11.1637167
     -7.2945891    -41.1436057      1.6522820
     36.8654836      9.9113892     47.3290580
     56.6582554     38.5702166    -15.1599697
    -62.6727387     20.4478337     20.1171496
     48.1362576    -46.0067774     -5.7034489
    -37.6616690      3.5225801    -26.7202022
     71.3038526     -0.2524705     62.7492309
    -59.7540024     62.9051238    -87.6040214
    -20.0043039   -117.9546927     29.0084096
     -4.6591630     65.4895136      8.1160433
     17.5240430    -23.7515251      6.5635646
    -18.9495189    -21.5156895    -12.0797798
     24.9130038     18.5009819    -22.3839461
     16.1249326      3.5626536     39.5027111
    -14.3303678     45.8830047    -26.1797399
    -10.2740599    -41.7212275     67.3522758
      7.7570786    -36.2969558    -80.2340580
     -6.4036620      2.3349597     46.7563565
     42.6137499     43.5755696    -33.5025906
    -74.5676172    -18.9409594     27.6200178
     53.9990255     56.6317312    -62.8743693
      4.1248986    -15.6822461    105.5955442
    -10.7071570     -6.7257496    -39.7495419
    -41.6749546    -69.1178619    -24.6258451
     54.1491659     13.7716974      7.6839639
    -47.3854880     -0.6764387     -8.2912095
      8.5003702    -18.9985457     20.3078230
     12.6023901     47.0656250    -25.2259129
     16.2524605     53.8700021     28.3092786
     10.4184609    -50.3312087    -33.6319083
    -12.1891716     29.1077913      2.4763977
    -59.7578862      4.6852767      5.0240580
     47.1624627    -34.4488357     16.9745722
      9.5206914     25.4120356    -22.7807276
    -24.1252669    -48.1701705     50.2782034
     31.7855286     -8.3856352    -50.8585937
    -60.5596370    -18.5563565     15.8699469
     37.0196419     21.2324488     38.9445474
    -11.3836280     29.7517184    -51.2455138
      3.4504435    -16.0930212      8.5156177
     -9.1468615     29.6423156    -12.4083296
     33.2535854    -30.9513363     30.6448992
    -53.7171157     -9.6121667    -14.1626111
     49.5788184     30.5897337      5.7919252
    -21.5540167    -57.9921185     27.7443614
     21.9568430     51.6200249    -54.6620936
    -40.4881041    -37.2139385     58.9368310
     -8.3037493     15.3038925    -47.3083862
     38.2044854     18.8033898     27.9504360
     17.0621900     -8.3939048    -22.5142028
    -61.2237936      0.8996812      1.4086525
     71.6490785     12.6045002     -8.3838432
    -43.3048932    -15.0515249     61.2997351
     10.5225368     -8.8548939    -58.7237197
    -10.2617916    -12.6633403     18.4137045
     23.5560207      1.2616150     14.6631864
    -53.0948696     -6.2008041    -11.0235668
     40.1370864     22.4249460      8.2194445
     21.9880170      9.8242302    -27.0218670
    -37.8211006     30.9088821    -11.0545318
    -14.0340118     -5.5682926     26.8390833
     24.2796988     30.6544298     14.3390497
    -27.8176987    -18.5600116    -67.0465482
     58.5662939    -27.0653477     22.0160501
    -47.4176478     36.0037824     32.9437239
     -3.4871993    -33.4480128     20.1336027
    -10.5596869     25.6235294      3.2888682
      2.8589860    -47.3821447    -44.4109831
     69.5217029     19.7369828     49.3353340
    -60.7679097    -18.9498119    -64.0884173
    -11.2594505      4.6379113     25.0908491
      9.5524256     30.5903544      4.5549096
     35.7591869     -8.4127329     13.7092499
    -30.8010532    -28.0403997     -7.7349874
     22.8653774     17.4250886    -20.6550376
    -51.5396261      5.8955913     -3.7016974
     71.9265792     30.6246480     43.3497740
    -95.0065976    -40.2847257    -46.5989620
     73.1912914      9.4849677     31.4490997
    -44.8835772     46.5190324     -7.8377950
     49.9735383    -15.1201050     -3.0977853
     17.8964947    -36.4468536     15.3014723
    -74.8056288     24.1176288    -67.5711472
     62.5247897    -19.5026155     81.4212285
    -36.0970527     24.5339924     -9.9023160
    -14.5723022      5.8733650    -72.4914676
     39.6400952    -28.6300944     81.9684121
     25.9412424     22.5097394    -54.9013800
    -74.5816899    -41.4488790     24.9368715
     31.6406680     68.8911317      2.2965294
     26.3927375    -24.4886076     -1.7071578
    -41.0014077    -27.7818050     48.9491286
     -6.4398330     25.2136348   -109.5028319
     32.0898566     -8.3473803    114.8295342
      9.8446563    -15.1170155    -59.6398854
    -10.1322470     10.2811936     -8.8976449
    -47.5589208     16.0977528     26.3990635
     29.7645909     -7.7280813     -2.8537702
     36.2197784    -33.7795793     -6.7323418
    -48.8195997     75.2109958     14.6254133
      6.9082497     21.8559207    -36.8811196
      7.0467279    -53.1687305     13.5919175
    -13.1657023     21.5067656     26.2204780
     45.5027311      8.7773768    -48.3596285
    -26.1503148    -11.3382440     55.3411497
    -35.9928013     14.4886487    -24.1456063
      8.5879921    -35.2735662     -9.0380216
     48.4814652     64.4562168    -20.4473299
    -72.4960283    -29.2634583     35.6172104
     70.6903074     39.4035963     26.7757201
    -22.8592967    -69.9405217    -29.3957011
     32.2537092      8.4222295      0.6625157
    -20.9837865     58.9787384     39.5365696
    -53.6788021    -48.9391912    -88.6008531
     58.8483659     13.9301364     90.1420965
     -3.0253771    -23.0897200    -44.9844971
    -65.6253684     45.3806814     22.7517735
     67.9943494     14.0856227    -33.5125169
    -21.7205092     20.2642630     56.5824300
    -44.7504755    -72.0522799    -70.1063413
     73.7694957     58.8565382     60.1838125
    -29.6096662    -16.4981484    -39.8514132
    -86.2311326     48.0871246     12.7363662
     88.4069039   -101.8643000      8.3656314
    -10.4296711     74.3308938     -1.1947951
     43.8300836      1.2381688      3.4818212
    -33.4014925    -58.8637105     15.5490217
    -52.5660246     85.6240377    -92.3999287
     25.4740909    -35.3806241    117.6060948
     33.5792700      3.5104147   -129.1241491
     -0.5833478      2.8479672    133.2603137
      2.1001912    -22.7714478    -54.1922329
     36.1062837    -15.3124583     -3.2705355
     -6.4465347     25.3015437     -0.2211045
     -1.1228949    -11.0616458     44.4538565
    -36.9938890     26.7824837    -73.3905598
    -34.4051094     -8.6143072     -5.7831900
     39.5790964    -47.3394333     69.0434181
     54.1300738     29.2197487     17.0546186
    -15.5264335     50.0825910    -81.9386777
    -95.0717271    -11.4963803     20.1494339
     43.5421084    -59.6101431     12.2934220
     10.8601426     27.1743468    -15.8677419
      8.1411629     38.6623743     33.5615536
    -36.8750320     -6.6475395    -28.0708113
     66.7733009    -18.6702012     -9.2228776
    -50.0891558     21.5650706     79.3732681
     70.3975446    -34.2007443   -102.6659895
    -40.5780667     48.6753361     57.2642330
    -50.4817392      5.7674335    -18.5844491
     -1.8124321    -56.8696024    -36.1093287
     24.7820420     42.0672477     29.3115100
    -20.9936748    -44.8313430      4.6121638
     46.7681390     32.1010243    -25.7216458
     33.9206930    -20.1086058     35.1811693
    -42.6379110     14.7768242    -45.0148226
      2.3911662      4.6268065     52.1064763
    -12.5179841    -13.5290114    -78.2243597
     13.2752382      7.3960184     81.7160721
     21.1523751    -23.3685285     -2.0786513
    -23.5820162     13.9520651    -60.1149548
     20.3259783    -11.7603676     19.5298100
    -22.2384127     49.5045230     44.2999897
     55.6611532    -52.7499383    -41.4774878
    -62.4686184     -3.4526789     19.0842726
    -15.6879598     26.3853051    -31.2736727
     25.7985164     -7.5997140     10.0146906
    -45.9469136    -27.6001437      7.9728515
     58.1152889     53.1362715    -14.3621569
    -84.3526735    -59.5418167     40.0239489
     58.9955967     25.2285822    -63.9990992
    -40.3363493    -31.2396203     49.2688397
     11.9345112     28.5495925     -3.6755018
     -0.7503018    -27.2120495    -44.1519047
    -21.1856069     16.0440296     29.1180570
     45.5148827    -21.2620329     -4.9899130
     -9.7908902     22.0136461      9.6862735
      6.7565679    -12.6048122    -50.8676153
      8.5037098    -24.0420312     85.8511397
     -2.1045318     20.0123488    -35.6154186
      4.0122200     20.5086542    -20.2094533
    -22.9154852    -38.0525929     16.9817616
     32.6438793     41.1126081    -30.2842399
     -3.6396787     -7.0716111     22.6424833
     -6.8171722      1.2509845    -19.9690570
     27.9493644     13.2252668     43.1229480
    -31.3098315     -3.9688092    -57.1452698
      6.0586664     -9.2061906     40.7808111
    -36.1206225    -10.1545052    -50.4414515
     64.0215754     26.3706297     47.6008013
    -36.9238020    -32.6010337    -43.7853122
     -2.8753454     21.6225001      8.5701631
     27.7148307      6.5254701     22.9149359
     24.7301085    -17.0697736    -13.0885449
    -51.2152337     55.6995382     21.6213203
      7.7367071    -54.6092037    -29.4548229
     31.9137364     10.2797238     12.6761115
    -23.7546540    -12.2554659    -15.7720868
     -5.2053349    -10.0860669     -7.3440971
     37.3098197     37.5176231     30.0675169
     21.4150554    -32.3791980     -5.1425611
    -70.6208093      5.4879424     -0.8003625
     53.5608078     14.2070956    -22.8176577
     -2.8840623    -19.5067655     51.9085249
    -48.3861856     -4.6651089    -74.2507523
     40.4459717     14.4748688     56.9933729
      7.1232019     -6.2926410    -21.7598486
    -34.2071141     17.2368714    -38.0110914
      4.1297638    -32.5625551     68.3515750
    -59.4731093     18.2669521    -61.3753192
     17.9023651    -14.9226021     33.3287620
     38.3676029      2.6290675     -6.9848710
    -75.0563005     -6.0531528    -15.5621948
     68.6241011      8.2283626     18.9346830
    -44.8733306      7.6796358     19.4395065
      2.5553861    -19.5737784    -39.8104964
     63.5454224     27.3572867     41.6169938
    -57.0696961    -25.7820602    -25.3242035
     48.9589729    -16.3691410     31.8113220
     21.4727942     12.0010449      1.2535446
    -18.0797756     35.4975954     -7.6421373
     -2.7218114    -17.8906905    -51.4920653
     28.4460115      8.4884933     51.7405223
    -21.5600361     -2.0311327    -19.7433199
    -42.3597413    -11.2997113    -18.9881442
     15.8198274      7.9145299      2.9139175
      0.0000000      0.0000000      0.0000000
      0.0000000      0.0000000      0.0000000
      0.0000000      0.0000000      0.0000000
            0            0            0
      0.0000000      0.0000000      0.0000000
            0            0            0
      0.0000000      0.0000000      0.0000000
            0            0            0
